[exp.JPG]
moddate=2baa5909fe45d201
width=3842
height=1830
text=1;162;39;Experiences & &#010;           Hands On Work;Sylfaen;0.070886,0.590035,0.134868,6.283185;v1,4294967295,4294967295,128.000000,1.000000,0.121495,1.000000,700,2,49160;;
textactive=1
[r-c.JPG]
moddate=51c622d30046d201
width=3862
height=2048
text=1;142;19;Relevant Coursework;Sylfaen;0.210133,0.152969,0.152930,0.000000;v1,4294967295,4278190080,128.000000,1.000000,0.121495,1.000000,700,2,49160;;
textactive=1
filters=crop64=1,eea1b20fffff87f;
crop=rect64(eea1b20fffff87f)
[sls.JPG]
filters=crop64=1,131b30b1ffffe56e;crop64=1,1120322cff01da5e;crop64=1,11c9343ff2e8dcd6;
crop=rect64(11c9343ff2e8dcd6)
moddate=25a8676f0146d201
width=3872
height=2592
text=2;166;26;Terrence Lewis Photography;Copperplate Gothic Light;0.033268,0.021093,0.022492,0.000000;v1,4294967295,4278190080,128.000000,1.000000,0.009346,1.000000,400,0,49152;;172;49;Skills & Learned &#010;                       Software;Sylfaen;0.129321,0.408305,0.124151,6.283185;v1,4292863984,4292863984,128.000000,1.000000,0.121495,1.000000,700,2,49160;;
textactive=1
